-- ts file was generated at discord.gg/25ms

if if true then
    game:GetService('StarterGui'):SetCore('ChatMakeSystemMessage', {
        Text = '\u{fffd}\u{fffd}\u{5f61} Made by friedpotatomatoe \u{5f61}\u{2605}. \n\n Specifically made for 2595x',
        Color = Color3.fromRGB(0, 255, 127),
        Font = Enum.Font.GothamBlack,
        FontSize = Enum.FontSize.Size48,
    })

    Players = game:GetService('Players')
    LocalPlayer = Players.LocalPlayer
    Character = LocalPlayer.Character or LocalPlayer.CharacterAdded:Wait()
    Backpack = LocalPlayer:WaitForChild('Backpack')

    function ChangePos(p1, p2)
        p1.CFrame = p1.CFrame - p1.CFrame.Position + Vector3.new(p2.X, p2.Y, p2.Z)
    end
    function UnfreezeCam()
        game.Workspace.CurrentCamera.CameraSubject = Character.Humanoid
    end
    function FreezeCam(p3)
        local _Part = Instance.new('Part')

        _Part.Parent = workspace
        _Part.CFrame = p3 or Character.Head.CFrame
        game.Workspace.CurrentCamera.CameraSubject = _Part

        _Part:Destroy()
    end
    function ChangeMeshID(p5, p6)
        task.spawn(function()
            pcall(function()
                local v7 = game:GetService('InsertService'):CreateMeshPartAsync(p6, p5.CollisionFidelity, p5.RenderFidelity)

                p5:ApplyMesh(v7)
                task.wait(1)
                v7:destroy()
            end)
        end)
    end
    function M1()
        pcall(function()
            local function v10(p8)
                local v9 = {
                    {
                        Goal = p8,
                        Mobile = true,
                    },
                }

                game:GetService('Players').LocalPlayer.Character.Communicate:FireServer(unpack(v9))
            end

            v10('LeftClick')
            v10('LeftClickRelease')
        end)
    end
    function PlayAnimation(p11, p12, p13, p14)
        PlayedAnimation = true

        local u15 = p14 or false
        local _Animation = Instance.new('Animation')

        _Animation.AnimationId = p11

        local u17 = Character.Humanoid.Animator:LoadAnimation(_Animation)

        u17:Play()

        u17.TimePosition = p13 or 0

        u17:AdjustSpeed(p12 or 1)

        if u15 then
            task.spawn(function()
                task.wait(u15)
                u17:Stop()
            end)
        end

        PlayedAnimation = false

        return u17
    end
    function StopAllAnimation(p18)
        local v19, v20, v21 = pairs(Character.Humanoid:GetPlayingAnimationTracks())

        while true do
            local v22

            v21, v22 = v19(v20, v21)

            if v21 == nil then
                break
            end
            if v22.Animation.AnimationId ~= p18 then
                v22:Stop()
            end
        end
    end
    function StopAnimation(p23)
        local v24, v25, v26 = pairs(Character.Humanoid:FindFirstChildOfClass('Animator'):GetPlayingAnimationTracks())

        while true do
            local v27

            v26, v27 = v24(v25, v26)

            if v26 == nil then
                break
            end
            if v27.Animation.AnimationId == p23 then
                v27:Stop()
            end
        end
    end
    function PlaySound(p28, p29, p30, p31)
        local _Sound = Instance.new('Sound')

        _Sound.SoundId = p28
        _Sound.PlaybackSpeed = p29 or 1
        _Sound.Volume = p30 or 1

        local _Part2 = Instance.new('Part')

        _Part2.Anchored = true
        _Part2.CanCollide = false
        _Part2.Transparency = 1

        local v34 = workspace

        if p31 then
            _Part2.CFrame = p31
            _Part2.Parent = workspace
            v34 = _Part2
        end

        _Sound.Parent = v34

        _Sound:Play()
        _Sound.Ended:Connect(function()
            _Sound:Destroy()
            _Part2:Destroy()
        end)

        return _Sound
    end
    function GetGitSoundID(p35, p36)
        local v37 = 'sounds/' .. p36 .. '.mp3'

        if not isfile(v37) then
            writefile(v37, game:HttpGet(p35))
        end

        return (getcustomasset or getsynasset)(v37)
    end
    function GetClosestPlayer()
        local _huge = math.huge
        local v39 = next
        local v40, v41 = game.Workspace.Live:GetChildren()
        local v42 = nil

        while true do
            local v43

            v41, v43 = v39(v40, v41)

            if v41 == nil then
                break
            end
            if v43.Name ~= LocalPlayer.Name and (v43:FindFirstChild('HumanoidRootPart') ~= nil and (v43:FindFirstChild('Humanoid') ~= nil and v43:FindFirstChild('Humanoid').Health > 0)) then
                local _magnitude = (v43.HumanoidRootPart.Position - LocalPlayer.Character.HumanoidRootPart.Position).magnitude

                if _magnitude < _huge then
                    v42 = v43
                    _huge = _magnitude
                end
            end
        end

        return v42
    end

    animationCallbacks = {}

    game.Players.LocalPlayer.Character.Humanoid.Animator.AnimationPlayed:Connect(function(p45)
        local _AnimationId = p45.Animation.AnimationId

        if animationCallbacks[_AnimationId] and not PlayedAnimation then
            animationCallbacks[_AnimationId](p45)
        end
    end)

    function AddFunctionToAnimation(p47, p48)
        animationCallbacks[p47] = p48
    end

    soundCallbacks = {}
    trackedServices = {
        workspace,
        Players,
        game:GetService('ReplicatedStorage'),
    }

    local v49, v50, v51 = pairs(trackedServices)

    while true do
        local v52

        v51, v52 = v49(v50, v51)

        if v51 == nil then
            break
        end

        v52.DescendantAdded:Connect(function(p53)
            if p53:IsA('Sound') then
                local _SoundId = p53.SoundId

                if soundCallbacks[_SoundId] and not PlayedSound then
                    task.wait()
                    soundCallbacks[_SoundId](p53)
                end
            end
        end)
    end

    function AddFunctionToSound(p55, p56)
        soundCallbacks[p55] = p56
    end
    function ChangeSkillName(p57, p58, p59)
        local v60, v61, v62 = pairs(LocalPlayer.PlayerGui.Hotbar.Backpack.Hotbar:GetChildren())

        while true do
            local v63

            v62, v63 = v60(v61, v62)

            if v62 == nil then
                break
            end
            if v63:FindFirstChild('Base') and (v63.Base:FindFirstChild('ToolName') and v63.Base.ToolName.Text == p57) then
                if p58 then
                    v63.Base.ToolName.Text = p58
                end
                if p59 then
                    v63.Base.Reuse.Visible = true
                    v63.Base.Reuse.Text = p59
                    v63.Base.Reuse.Reuse.Text = p59
                elseif p59 == false then
                    v63.Base.Reuse.Visible = false
                end
            end
        end
    end
    function CounterCounter()
        Character.Humanoid.Animator.AnimationPlayed:Connect(function(p64)
            if p64.Animation.AnimationId == 'rbxassetid://11343250001' then
                task.wait(4)

                local v65 = tick()
                local _CFrame = Character.HumanoidRootPart.CFrame

                FreezeCam(_CFrame)

                while task.wait() and tick() - v65 < 4 do
                    local v67 = Vector3.new(69000000, -500, 69000000)

                    Character.HumanoidRootPart.CFrame = CFrame.lookAt(v67, v67 + Vector3.new(0, 1, 0))
                    Character.HumanoidRootPart.Velocity = Vector3.new(0, 0, 0)
                end

                ChangePos(Character.HumanoidRootPart, _CFrame)

                Character.HumanoidRootPart.Velocity = Vector3.new(0, 0, 0)

                UnfreezeCam()

                game.Workspace.CurrentCamera.CameraType = Enum.CameraType.Track
            end
        end)
    end
    function morphToChar(p68)
        if p68 then
            local v69, v70, v71 = pairs(Character:GetDescendants())
            local v72 = {
                Accessory = true,
                Shirt = true,
                Pants = true,
                CharacterMesh = true,
                BodyColors = true,
            }

            while true do
                local v73

                v71, v73 = v69(v70, v71)

                if v71 == nil then
                    break
                end
                if v72[v73.ClassName] then
                    v73:Destroy()
                end
            end

            local _face = Character.Head:FindFirstChild('face')

            if _face then
                _face:Destroy()
            end

            local v75, v76, v77 = pairs(p68:GetChildren())

            while true do
                local v78

                v77, v78 = v75(v76, v77)

                if v77 == nil then
                    break
                end
                if v78:IsA('Shirt') or (v78:IsA('Pants') or v78:IsA('BodyColors')) then
                    v78.Parent = Character
                elseif v78:IsA('Accessory') then
                    Character.Humanoid:AddAccessory(v78)
                elseif v78.Name == Character.Humanoid.RigType.Name then
                    local _CharacterMesh = v78:FindFirstChildOfClass('CharacterMesh')

                    if _CharacterMesh then
                        _CharacterMesh.Parent = Character
                    end
                end
            end

            local _face2 = p68:FindFirstChild('face')

            if _face2 then
                _face2.Parent = Character.Head
            else
                local _Decal = Instance.new('Decal')

                _Decal.Name = 'face'
                _Decal.Face = 'Front'
                _Decal.Texture = 'rbxasset://textures/face.png'
                _Decal.Parent = Character.Head
            end

            local _Parent = Character.Parent
            local v83, v84, v85 = pairs(Character.HumanoidRootPart:GetChildren())

            while true do
                local v86

                v85, v86 = v83(v84, v85)

                if v85 == nil then
                    break
                end
                if v86:IsA('BodyVelocity') then
                    v86:Destroy()
                end
            end

            Character.Parent = nil
            Character.Parent = _Parent
        end
    end
    function Skill(p87, p88, p89)
        local _Tool = Instance.new('Tool')

        _Tool.Name = p87
        _Tool.RequiresHandle = false
        _Tool.Parent = Backpack

        _Tool:SetAttribute('Cooldown', p89)

        local u91 = nil
        local u92 = nil
        local u93 = p89 or 0
        local u94 = LocalPlayer.PlayerGui.Hotbar.Backpack.LocalScript.Cooldown:Clone()

        if Backpack:GetAttribute('CustomSkills') == nil then
            Backpack:SetAttribute('CustomSkills', -1)
        end

        Backpack:SetAttribute('CustomSkills', Backpack:GetAttribute('CustomSkills') + 1)

        for v95 = 1, 13 do
            local v96 = v95
            local _Text = LocalPlayer.PlayerGui.Hotbar.Backpack.Hotbar[tostring(v96)].Base.ToolName.Text

            if _Text == _Tool.Name then
                u91 = LocalPlayer.PlayerGui.Hotbar.Backpack.Hotbar[tostring(v96)].Base
                _Tool.Name = _Tool.Name .. 'ID:' .. tostring(Backpack:GetAttribute('CustomSkills'))
                LocalPlayer.PlayerGui.Hotbar.Backpack.Hotbar[tostring(v96)].Base.ToolName.Text = _Text
            end
        end

        u94.Parent = u91.Parent
        u94.Size = UDim2.new(1, 0, 0, 0)

        if Backpack:GetAttribute('CustomSkills') == nil then
            Backpack:SetAttribute('CustomSkills', -1)
        end

        Backpack:SetAttribute('CustomSkills', Backpack:GetAttribute('CustomSkills') + 1)

        local u98 = u91.Activated:Connect(function()
            if not IPlacedThisForSpacing then
                u91.Overlay.Visible = false

                if u93 == 1234 or u94.Size ~= UDim2.new(1, 0, 0, 0) then
                    if u93 == 1234 then
                        u92 = not u92

                        if u92 then
                            u94.Size = UDim2.new(1, 0, -1, 0)
                        else
                            u94.Size = UDim2.new(1, 0, 0, 0)
                        end

                        p88()
                    end
                else
                    u94.Size = UDim2.new(1, 0, -1, 0)

                    game:GetService('TweenService'):Create(u94, TweenInfo.new(u93, Enum.EasingStyle.Linear, Enum.EasingDirection.Out), {
                        Size = UDim2.new(1, 0, 0, 0),
                    }):Play()
                    p88()
                end
            end
        end)

        local function u100(p99)
            return ({
                Enum.KeyCode.Zero,
                Enum.KeyCode.One,
                Enum.KeyCode.Two,
                Enum.KeyCode.Three,
                Enum.KeyCode.Four,
                Enum.KeyCode.Five,
                Enum.KeyCode.Six,
                Enum.KeyCode.Seven,
                Enum.KeyCode.Eight,
                Enum.KeyCode.Nine,
            })[p99 + 1]
        end

        local u102 = game:GetService('UserInputService').InputBegan:Connect(function(p101)
            if p101.KeyCode == u100(tostring(u91.Parent)) then
                u91.Overlay.Visible = false

                if u93 == 1234 or u94.Size ~= UDim2.new(1, 0, 0, 0) then
                    if u93 == 1234 then
                        u92 = not u92

                        if u92 then
                            u94.Size = UDim2.new(1, 0, -1, 0)
                        else
                            u94.Size = UDim2.new(1, 0, 0, 0)
                        end

                        p88()
                    end
                else
                    u94.Size = UDim2.new(1, 0, -1, 0)

                    game:GetService('TweenService'):Create(u94, TweenInfo.new(u93, Enum.EasingStyle.Linear, Enum.EasingDirection.Out), {
                        Size = UDim2.new(1, 0, 0, 0),
                    }):Play()
                    p88()
                end
            end
        end)
        local u104 = _Tool.AncestryChanged:Connect(function(_, p103)
            if p103 == nil then
                u98:Disconnect()
                u102:Disconnect()
                PlayerDied:Disconnect()
            elseif p103 == workspace.Live:FindFirstChild(LocalPlayer.Name) then
                task.wait()

                _Tool.Parent = Backpack
            end
        end)

        Character.Humanoid.Died:Once(function()
            u98:Disconnect()
            u102:Disconnect()
            u104:Disconnect()
        end)

        return _Tool
    end
    function CubicleParticle(p105, p106, p107, p108, p109, p110, p111)
        local u112 = ({
            'Spin',
            'Orbital',
            'Float',
            'Fall',
            'Freeze',
        })[p110]
        local _Part3 = Instance.new('Part')

        _Part3.Anchored = true
        _Part3.Material = Enum.Material.Neon
        _Part3.CanCollide = false
        _Part3.CFrame = p105 * CFrame.Angles(math.random(0, 100), math.random(0, 100), math.random(0, 100))
        _Part3.Color = p106
        _Part3.Size = Vector3.new(p107, p107, p107)
        _Part3.Transparency = p108
        _Part3.Parent = workspace

        local _PointLight = Instance.new('PointLight')

        _PointLight.Brightness = p109
        _PointLight.Color = p106
        _PointLight.Range = p107 * 5
        _PointLight.Parent = _Part3

        local u115 = true

        task.spawn(function()
            local u116 = p107 / 100
            local u117 = p107 / 100
            local u118 = p107 / 100

            task.spawn(function()
                pcall(function()
                    while u115 do
                        for _ = 1, 20 do
                            _Part3.CFrame = _Part3.CFrame * CFrame.Angles(u116, u117, u118)

                            task.wait()
                        end

                        u116 = math.random(1, 2) == 1 and p107 / 100 or -1 * p107 / 50
                        u117 = math.random(1, 2) == 1 and p107 / 100 or -1 * p107 / 50
                        u118 = math.random(1, 2) == 1 and p107 / 100 or -1 * p107 / 50
                    end
                end)
            end)

            if u112 ~= 'Spin' then
                if u112 ~= 'Orbital' then
                    if u112 ~= 'Float' then
                        if u112 ~= 'Fall' then
                            if u112 == 'Freeze' then
                                u115 = false
                                _Part3.CFrame = p105
                            end
                        else
                            task.spawn(function()
                                pcall(function()
                                    while task.wait() do
                                        _Part3.Position = _Part3.Position - Vector3.new(0, p107 / 20, 0)
                                    end
                                end)
                            end)
                        end
                    else
                        task.spawn(function()
                            pcall(function()
                                while task.wait() do
                                    _Part3.Position = _Part3.Position + Vector3.new(0, p107 / 20, 0)
                                end
                            end)
                        end)
                    end
                else
                    task.spawn(function()
                        pcall(function()
                            local v119 = 0

                            while task.wait() do
                                v119 = v119 + math.rad(5)

                                local v120 = p107 * 3 * math.cos(v119)
                                local v121 = p107 * 3 * math.sin(v119)

                                _Part3.Position = p105.Position + Vector3.new(v120, 0, v121)
                            end
                        end)
                    end)
                end
            end
        end)

        if p111 > 0.2 then
            task.spawn(function()
                task.wait(p111 - 0.2)

                _Part3.Size = Vector3.new(p107, p107, p107)

                game:GetService('TweenService'):Create(_Part3, TweenInfo.new(0.2, Enum.EasingStyle.Linear, Enum.EasingDirection.InOut), {
                    Size = Vector3.new(0.1, 0.1, 0.1),
                }):Play()
            end)
        else
            _Part3.Size = Vector3.new(p107, p107, p107)

            game:GetService('TweenService'):Create(_Part3, TweenInfo.new(p111, Enum.EasingStyle.Linear, Enum.EasingDirection.InOut), {
                Size = Vector3.new(0.1, 0.1, 0.1),
            }):Play()
        end

        task.spawn(function()
            task.wait(p111)
            _Part3:Destroy()

            _Part3 = nil

            _PointLight:Destroy()

            _PointLight = nil
        end)

        return _Part3
    end
    function AddWings(p122)
        local function u126(p123, p124)
            local _WeldConstraint = Instance.new('WeldConstraint')

            _WeldConstraint.Part0 = p123
            _WeldConstraint.Part1 = p124
            _WeldConstraint.Parent = p123
        end
        local function v140(p127)
            local _Part4 = Instance.new('Part')

            _Part4.Name = 'PrimaryPart'
            _Part4.Size = Vector3.new(1, 1, 1)
            _Part4.Transparency = 1
            _Part4.Anchored = true
            _Part4.CanCollide = false

            local v129 = Vector3.new(0, 0, 0)
            local v130, v131, v132 = pairs(p127:GetDescendants())

            while true do
                local v133

                v132, v133 = v130(v131, v132)

                if v132 == nil then
                    break
                end
                if v133:IsA('BasePart') then
                    v129 = v129 + v133.Position
                end
            end

            local v134 = v129 / #p127:GetDescendants()

            _Part4.CFrame = CFrame.new(v134)
            _Part4.CFrame = _Part4.CFrame + _Part4.CFrame.LookVector - Vector3.new(0, 2, 0)
            _Part4.Parent = p127
            p127.PrimaryPart = _Part4

            local v135, v136, v137 = pairs(p127:GetDescendants())
            local v138 = 0

            while true do
                local v139

                v137, v139 = v135(v136, v137)

                if v137 == nil then
                    break
                end
                if v139:IsA('BasePart') and v139 ~= _Part4 then
                    if v138 % 200 == 0 then
                        task.wait()
                    end

                    v139.Anchored = false

                    u126(_Part4, v139)
                end
            end

            return _Part4
        end

        local _Model = Instance.new('Model', p122)

        _Model.Name = 'Wings'

        local function v146(p142, p143, p144)
            local _Part5 = Instance.new('Part')

            _Part5.Anchored = true
            _Part5.Color = p142
            _Part5.Size = p143
            _Part5.CFrame = p144
            _Part5.CanCollide = false
            _Part5.Massless = true
            _Part5.CastShadow = false
            _Part5.Material = Enum.Material.Neon
            _Part5.Parent = _Model
        end

        v146(Color3.new(1, 0.941176, 0.439216), Vector3.new(1, 0.05000000447034836, 0.502471923828125), CFrame.new(360.732727, -6.197299, -49.303627, -0.965898514, 0.0000423174351, 0.258920968, 0.0244072285, 0.995562017, 0.0908878744, -0.257768035, 0.0941080004, -0.961612821))
        v146(Color3.new(1, 0.941176, 0.439216), Vector3.new(1, 0.05000000447034836, 0.502471923828125), CFrame.new(362.347412, -5.99922276, -51.3982925, 0.499970257, -0.0000145807862, -0.866042674, -0.0815577209, 0.995555043, -0.0471004248, 0.862193882, 0.0941812694, 0.497746766))
        v146(Color3.new(1, 0.941176, 0.439216), Vector3.new(1, 0.05000000447034836, 0.502471923828125), CFrame.new(361.821869, -6.18379402, -49.4464188, -0.866021514, -0.0000258088112, -0.500006795, -0.0471151285, 0.995554745, 0.0815529451, 0.497782022, 0.0941844806, -0.86217308))
        v146(Color3.new(1, 0.941176, 0.439216), Vector3.new(1, 0.05000000447034836, 0.502471923828125), CFrame.new(360.386688, -5.94976997, -51.9213333, 0.866021514, -0.0000258088112, 0.500006795, 0.0471151285, 0.995554745, -0.0815529451, -0.497782022, 0.0941844806, 0.86217308))
        v146(Color3.new(1, 0.941176, 0.439216), Vector3.new(1, 0.05000000447034836, 0.502471923828125), CFrame.new(361.475861, -5.93627071, -52.064064, 0.965898514, 0.0000423174351, -0.258920968, -0.0244072285, 0.995562017, -0.0908878744, 0.257768035, 0.0941080004, 0.96161288))
        v146(Color3.new(1, 0.941176, 0.439216), Vector3.new(1.9999998807907104, 0.6044883728027344, 0.3155517578125), CFrame.new(364.306915, -7.25881386, -49.3042679, -0.970375419, -0.136544615, 0.19931677, -0.139339149, 0.990244746, 6.54347241e-6, -0.197373271, -0.0277662762, -0.979935169))
        v146(Color3.new(1, 0.941176, 0.439216), Vector3.new(1.0474975109100342, 0.23617839813232422, 0.3155517578125), CFrame.new(365.754395, -7.00014687, -49.0098648, -0.970375419, -0.136544615, 0.19931677, -0.139339149, 0.990244746, 6.54347241e-6, -0.197373271, -0.0277662762, -0.979935169))
        v146(Color3.new(1, 0.941176, 0.439216), Vector3.new(1.0474975109100342, 0.23617839813232422, 0.3155517578125), CFrame.new(365.689423, -5.78818512, -49.0230179, -0.915372968, -0.349710763, 0.199486494, -0.356892884, 0.934145331, -0.0000470206141, -0.186332941, -0.0712383538, -0.979900599))
        v146(Color3.new(1, 0.941176, 0.439216), Vector3.new(1.9999998807907104, 0.6044883728027344, 0.3155517578125), CFrame.new(364.335052, -6.3700676, -49.2987137, -0.915372968, -0.349710763, 0.199486494, -0.356892884, 0.934145331, -0.0000470206141, -0.186332941, -0.0712383538, -0.979900599))
        v146(Color3.new(1, 0.941176, 0.439216), Vector3.new(1.9999998807907104, 0.6044883728027344, 0.3155517578125), CFrame.new(357.901642, -7.25881386, -49.3042679, -0.970375419, 0.136544615, -0.19931677, 0.139339149, 0.990244746, 6.54347241e-6, 0.197373271, -0.0277662762, -0.979935169))
        v146(Color3.new(1, 0.941176, 0.439216), Vector3.new(1.0474975109100342, 0.23617839813232422, 0.3155517578125), CFrame.new(365.689423, -9.60411167, -49.0230179, 0.915372849, -0.349710763, 0.199486494, -0.356892884, -0.934145331, 0.0000470206141, 0.186332941, -0.0712383538, -0.979900599))
        v146(Color3.new(1, 0.941176, 0.439216), Vector3.new(1.9999998807907104, 0.6044883728027344, 0.3155517578125), CFrame.new(364.335052, -9.02222729, -49.2987137, 0.915372849, -0.349710763, 0.199486494, -0.356892884, -0.934145331, 0.0000470206141, 0.186332941, -0.0712383538, -0.979900599))
        v146(Color3.new(1, 0.941176, 0.439216), Vector3.new(1.9999998807907104, 0.6044883728027344, 0.3155517578125), CFrame.new(364.306915, -8.13348198, -49.3042679, 0.970375419, -0.136544615, 0.19931677, -0.139339149, -0.990244746, -6.54347241e-6, 0.197373271, -0.0277662762, -0.979935169))
        v146(Color3.new(1, 0.941176, 0.439216), Vector3.new(1.0474975109100342, 0.23617839813232422, 0.3155517578125), CFrame.new(365.754395, -8.39214802, -49.0098648, 0.970375419, -0.136544615, 0.19931677, -0.139339149, -0.990244746, -6.54347241e-6, 0.197373271, -0.0277662762, -0.979935169))
        v146(Color3.new(1, 0.941176, 0.439216), Vector3.new(1, 0.05000000447034836, 0.502471923828125), CFrame.new(359.861328, -6.13433266, -49.9694595, -0.499970794, -0.0000145807862, 0.866042674, 0.0815577209, 0.995555043, 0.0471004248, -0.862193882, 0.0941812694, -0.497747183))
        v146(Color3.new(1, 0.941176, 0.439216), Vector3.new(1, 0.05000000447034836, 0.502471923828125), CFrame.new(362.490662, -6.10175323, -50.3140335, -0.258897305, -0.0000377446413, -0.965904891, -0.0909474716, 0.995558262, 0.0243382938, 0.961613595, 0.0941477269, -0.25775075))
        v146(Color3.new(1, 0.941176, 0.439216), Vector3.new(1.0474975109100342, 0.23617839813232422, 0.3155517578125), CFrame.new(356.454163, -8.39214802, -49.0098648, 0.970375419, 0.136544615, -0.19931677, 0.139339149, -0.990244746, -6.54347241e-6, -0.197373271, -0.0277662762, -0.979935169))
        v146(Color3.new(1, 0.941176, 0.439216), Vector3.new(1.9999998807907104, 0.6044883728027344, 0.3155517578125), CFrame.new(357.901642, -8.13348198, -49.3042679, 0.970375419, 0.136544615, -0.19931677, 0.139339149, -0.990244746, -6.54347241e-6, -0.197373271, -0.0277662762, -0.979935169))
        v146(Color3.new(1, 0.941176, 0.439216), Vector3.new(1.9999998807907104, 0.6044883728027344, 0.3155517578125), CFrame.new(357.873505, -9.02222729, -49.2987137, 0.915372849, 0.349710763, -0.199486494, 0.356892884, -0.934145331, 0.0000470206141, -0.186332941, -0.0712383538, -0.979900599))
        v146(Color3.new(1, 0.941176, 0.439216), Vector3.new(1.0474975109100342, 0.23617839813232422, 0.3155517578125), CFrame.new(356.519135, -9.60411167, -49.0230179, 0.915372849, 0.349710763, -0.199486494, 0.356892884, -0.934145331, 0.0000470206141, -0.186332941, -0.0712383538, -0.979900599))
        v146(Color3.new(1, 0.941176, 0.439216), Vector3.new(1.9999998807907104, 0.6044883728027344, 0.3155517578125), CFrame.new(357.873505, -6.3700676, -49.2987137, -0.915372968, 0.349710763, -0.199486494, 0.356892884, 0.934145331, -0.0000470206141, 0.186332941, -0.0712383538, -0.979900599))
        v146(Color3.new(1, 0.941176, 0.439216), Vector3.new(1.0474975109100342, 0.23617839813232422, 0.3155517578125), CFrame.new(356.519135, -5.78818512, -49.0230179, -0.915372968, 0.349710763, -0.199486494, 0.356892884, 0.934145331, -0.0000470206141, 0.186332941, -0.0712383538, -0.979900599))
        v146(Color3.new(1, 0.941176, 0.439216), Vector3.new(1.0474975109100342, 0.23617839813232422, 0.3155517578125), CFrame.new(356.454163, -7.00014687, -49.0098648, -0.970375419, 0.136544615, -0.19931677, 0.139339149, 0.990244746, 6.54347241e-6, 0.197373271, -0.0277662762, -0.979935169))
        v146(Color3.new(1, 0.941176, 0.439216), Vector3.new(1, 0.05000000447034836, 0.502471923828125), CFrame.new(362.119202, -5.971241, -51.6942825, 0.707077563, 2.72318721e-6, -0.707135975, -0.066594556, 0.995555937, -0.0665852129, 0.703993261, 0.0941723138, 0.703935385))
        v146(Color3.new(1, 0.941176, 0.439216), Vector3.new(1, 0.05000000447034836, 0.502471923828125), CFrame.new(360.089355, -6.16232491, -49.6735306, -0.707077622, 2.72318721e-6, 0.707135975, 0.066594556, 0.995555937, 0.0665852129, -0.703993261, 0.0941723138, -0.703935504))
        v146(Color3.new(1, 0.941176, 0.439216), Vector3.new(1, 0.05000000447034836, 0.502471923828125), CFrame.new(362.119202, -6.16232586, -49.6734695, -0.707143664, -7.12648034e-6, -0.707069993, -0.0665914416, 0.995555937, 0.0665883273, 0.703927279, 0.0941723138, -0.704001546))
        v146(Color3.new(1, 0.941176, 0.439216), Vector3.new(1, 0.05000000447034836, 0.502471923828125), CFrame.new(362.539612, -6.06677437, -50.683876, -0.0000977516174, -4.60445881e-6, -1.00000012, -0.0941393524, 0.995559037, 4.60445881e-6, 0.995559096, 0.0941393524, -0.0000977516174))
        v146(Color3.new(1, 0.941176, 0.439216), Vector3.new(1, 0.05000000447034836, 0.502471923828125), CFrame.new(360.089355, -5.97123909, -51.694313, 0.707143545, -7.12648034e-6, 0.707069993, 0.0665914416, 0.995555937, -0.0665883273, -0.703927279, 0.0941723138, 0.704001427))
        v146(Color3.new(1, 0.941176, 0.439216), Vector3.new(1, 0.05000000447034836, 0.502471923828125), CFrame.new(361.10437, -5.93165874, -52.1128922, 1, -4.06851314e-6, -0.0000862260786, -4.06851314e-6, 0.995557189, -0.0941588804, 0.0000862260786, 0.0941588804, 0.995557189))
        v146(Color3.new(1, 0.941176, 0.439216), Vector3.new(0.5, 0.05000000447034836, 0.502471923828125), CFrame.new(361.104279, -6.06690311, -50.6826248, -1, -4.06851314e-6, 0.0000862260786, 4.06851314e-6, 0.995557189, 0.0941588804, -0.0000862260786, 0.0941588804, -0.995557189))
        v146(Color3.new(1, 0.941176, 0.439216), Vector3.new(1, 0.05000000447034836, 0.502471923828125), CFrame.new(361.104187, -6.20190048, -49.2549515, -1, -4.06851314e-6, 0.0000862260786, 4.06851314e-6, 0.995557189, 0.0941588804, -0.0000862260786, 0.0941588804, -0.995557189))
        v146(Color3.new(1, 0.941176, 0.439216), Vector3.new(1, 0.05000000447034836, 0.502471923828125), CFrame.new(359.668945, -6.06677151, -50.6840286, 0.0000976324081, -4.60445881e-6, 1, 0.0941393375, 0.995559037, -4.60445881e-6, -0.995558977, 0.0941393375, 0.0000976324081))
        v146(Color3.new(1, 0.941176, 0.439216), Vector3.new(1, 0.05000000447034836, 0.502471923828125), CFrame.new(359.717896, -6.03180504, -51.0537796, 0.258897305, -0.0000377446413, 0.965904891, 0.0909474716, 0.995558262, -0.0243382938, -0.961613595, 0.0941477269, 0.25775075))

        local v147 = v140(_Model)

        v147.CFrame = p122.HumanoidRootPart.CFrame
        v147.Anchored = false

        u126(p122.HumanoidRootPart, v147)

        v147.Massless = true

        p122.Humanoid.Died:Once(function()
            _Model:destroy()
        end)

        return _Model
    end
    function Collusion(p148, p149)
        if p148:IsA('Basepart') then
            if p148:GetAttribute('OldCollusion') ~= nil then
                p148:SetAttribute('OldCollusion', p148.CanCollide)
            end

            p148.CanCollide = false
        end

        local v150, v151, v152 = pairs(p148:GetDescendants())

        while true do
            local v153

            v152, v153 = v150(v151, v152)

            if v152 == nil then
                break
            end
            if v153:IsA('Basepart') then
                if v153:GetAttribute('OldCollusion') ~= nil then
                    v153:SetAttribute('OldCollusion', v153.CanCollide)
                end

                v153.CanCollide = p149
            end
        end

        return p148
    end
    function UndoCollusion(p154)
        if p154:IsA('Basepart') and p154:GetAttribute('OldCollusion') ~= nil then
            p154.CanCollide = p154:GetAttribute('OldCollusion')

            p154:SetAttribute('OldCollusion', nil)
        end

        local v155, v156, v157 = pairs(p154:GetDescendants())

        while true do
            local v158

            v157, v158 = v155(v156, v157)

            if v157 == nil then
                break
            end
            if v158:IsA('Basepart') and v158:GetAttribute('OldCollusion') ~= nil then
                v158.CanCollide = p154:GetAttribute('OldCollusion')

                v158:SetAttribute('OldCollusion', nil)
            end
        end

        return p154
    end
    function HitParticle2(p159)
        local _Part6 = Instance.new('Part', p159.HumanoidRootPart)

        _Part6.CanCollide = false
        _Part6.Transparency = 1
        _Part6.Massless = true
        _Part6.CFrame = p159.HumanoidRootPart.CFrame - Vector3.new(0, 0.7, 0) + CFrame.lookAt(p159.HumanoidRootPart.Position, LocalPlayer.Character.HumanoidRootPart.Position).LookVector * 2

        (function(p161, p162)
            local _WeldConstraint2 = Instance.new('WeldConstraint')

            _WeldConstraint2.Part0 = p161
            _WeldConstraint2.Part1 = p162
            _WeldConstraint2.Parent = p161
        end)(p159.HumanoidRootPart, _Part6)

        for _ = 1, 10 do
            local v164 = {
                _Part6,
                'rbxassetid://7845168136',
                0,
                1,
                Color3.new(250, 250, 250),
                Color3.new(250, 250, 250),
                10,
                0.2,
                0,
                0,
                -360,
                360,
                -10,
                -10,
                2,
                0,
                0.3,
                0.3,
                1,
            }

            EmitParticle(v164)
        end
        for _ = 1, 5 do
            local v165 = {
                _Part6,
                'rbxassetid://7845168136',
                0,
                1,
                Color3.new(250, 250, 250),
                Color3.new(250, 250, 250),
                10,
                0.2,
                0,
                0,
                -360,
                360,
                -30,
                -30,
                2,
                0,
                0.3,
                0.3,
                1,
            }

            EmitParticle(v165)
        end

        local v166 = {
            _Part6,
            'rbxassetid://16668936898',
            0,
            2,
            Color3.new(130, 0, 0),
            Color3.new(130, 0, 0),
            1,
            0.2,
            -360,
            360,
            10,
            10,
            0,
            0,
            1,
            0,
            0,
            0,
            0,
        }

        EmitParticle(v166)

        for _ = 1, 5 do
            local v167 = {
                _Part6,
                'rbxassetid://241576804',
                0,
                0.5,
                Color3.new(100, 0, 0),
                Color3.new(130, 0, 0),
                10,
                0.5,
                0,
                0,
                -360,
                360,
                5,
                10,
                2,
                10,
                0,
                0,
                0,
            }

            EmitParticle(v167)
        end
        for _ = 1, 10 do
            local v168 = {
                _Part6,
                'rbxassetid://4509687978',
                0,
                0.2,
                Color3.new(100, 0, 0),
                Color3.new(100, 0, 0),
                10,
                0.5,
                0,
                0,
                -360,
                360,
                5,
                10,
                2,
                4,
                0,
                0,
                0,
            }

            EmitParticle(v168)
        end

        local v169 = {
            _Part6,
            'http://www.roblox.com/asset/?id=7541669000',
            0,
            2,
            Color3.new(250, 250, 250),
            Color3.new(250, 250, 250),
            1,
            0.2,
            -360,
            360,
            0,
            0,
            0,
            0,
            1,
            0,
            0.3,
            0.3,
            1,
        }

        EmitParticle(v169)

        local v170 = {
            _Part6,
            'http://www.roblox.com/asset/?id=7919757890',
            0,
            1,
            Color3.new(250, 250, 250),
            Color3.new(250, 250, 250),
            1,
            0.2,
            -360,
            360,
            0,
            0,
            0,
            0,
            1,
            0,
            0.3,
            0.3,
            1,
        }

        EmitParticle(v170)

        local v171 = {
            _Part6,
            'http://www.roblox.com/asset/?id=7919579655',
            1,
            2,
            Color3.new(250, 250, 250),
            Color3.new(250, 250, 250),
            1,
            0.2,
            -360,
            360,
            0,
            0,
            0,
            0,
            1,
            0,
            0,
            0,
            1,
        }

        EmitParticle(v171)

        local v172 = {
            _Part6,
            'http://www.roblox.com/asset/?id=10198439352',
            0,
            2,
            Color3.new(250, 250, 250),
            Color3.new(250, 250, 250),
            1,
            0.2,
            -360,
            360,
            0,
            0,
            0,
            0,
            1,
            0,
            0.3,
            0.3,
            1,
        }

        EmitParticle(v172)
    end
    function HurtParticle(p173, p174, p175)
        StrongMone = Instance.new('Attachment')

        game.Debris:AddItem(StrongMone, 3)

        Shockwaves2 = Instance.new('ParticleEmitter')
        Shockwaves3 = Instance.new('ParticleEmitter')
        DustShockwaves = Instance.new('ParticleEmitter')
        RedDust2 = Instance.new('ParticleEmitter')
        Push = Instance.new('ParticleEmitter')
        StrongMone.Name = 'StrongMone'

        local _Part7 = Instance.new('Part')

        _Part7.Anchored = true
        _Part7.CanCollide = false
        _Part7.Transparency = 1
        _Part7.CFrame = p174.CFrame - p174.Position + p173.Position

        if p175 then
            _Part7.CFrame = CFrame.lookAt(p173.Position, p173.Position + p175)
        end

        _Part7.Parent = workspace
        StrongMone.Parent = _Part7
        Shockwaves2.Color = ColorSequence.new({
            ColorSequenceKeypoint.new(0, Color3.new(0.466667, 0.470588, 0.470588), 0),
            ColorSequenceKeypoint.new(0.495, Color3.new(0, 0, 0), 0),
            ColorSequenceKeypoint.new(1, Color3.new(0, 0, 0), 0),
        })
        Shockwaves2.Drag = 5
        Shockwaves2.EmissionDirection = Enum.NormalId.Back
        Shockwaves2.Enabled = false

        Shockwaves2:Emit(15)

        Shockwaves2.FlipbookFramerate = NumberRange.new(18, 20)
        Shockwaves2.Lifetime = NumberRange.new(1, 3)
        Shockwaves2.LightEmission = 1
        Shockwaves2.Orientation = Enum.ParticleOrientation.VelocityPerpendicular
        Shockwaves2.Rate = 40
        Shockwaves2.RotSpeed = NumberRange.new(100, 400)
        Shockwaves2.Rotation = NumberRange.new(0, 360)
        Shockwaves2.Size = NumberSequence.new({
            NumberSequenceKeypoint.new(0, 0, 0),
            NumberSequenceKeypoint.new(0.1, 5.11184, 1.94737),
            NumberSequenceKeypoint.new(0.2, 8.93842, 3.89474),
            NumberSequenceKeypoint.new(0.3, 11.1292, 7.78947),
            NumberSequenceKeypoint.new(0.517, 15.7153, 11.6842),
            NumberSequenceKeypoint.new(1, 20.4474, 11.6842),
        })
